0 0.72694 0.646841 0.0150073 0.107418
0 0.454429 0.649176 0.0124451 0.106044
0 0.512811 0.666758 0.0252562 0.106593
0 0.558199 0.668132 0.0131772 0.078022
0 0.651446 0.682967 0.0137262 0.0884615
0 0.675604 0.658654 0.0162884 0.085989
0 0.4375 0.619368 0.0170205 0.0881868
0 0.41078 0.706593 0.0269034 0.103297
0 0.335377 0.65 0.0177526 0.0923077
0 0.357339 0.708516 0.0177526 0.104396
0 0.477581 0.673489 0.023243 0.0881868
0 0.439239 0.715522 0.0190337 0.0722528
0 0.558565 0.766071 0.0150073 0.0942308
0 0.631589 0.671978 0.0190337 0.112088
0 0.578148 0.641071 0.0234261 0.10467
0 0.379667 0.690247 0.0210469 0.10522
0 0.408858 0.59478 0.0212299 0.103297
0 0.729319 0.540247 0.0186676 0.104121
0 0.539257 0.685852 0.0166545 0.0832418
0 0.607705 0.611538 0.0243411 0.107692
0 0.580253 0.743681 0.022511 0.0796703
0 0.277178 0.964148 0.0217789 0.0667582
0 0.703422 0.663324 0.0236091 0.103571
0 0.678075 0.552198 0.022694 0.106044
0 0.308565 0.638736 0.0296486 0.108242
0 0.26702 0.404808 0.0256223 0.115659
0 0.309389 0.743407 0.0265373 0.104945
0 0.74817 0.683517 0.0274524 0.105495
0 0.266471 0.263599 0.0252562 0.105769
0 0.478862 0.764973 0.0287335 0.0991758
