0 0.632401 0.403372 0.0169956 0.0912829
0 0.574927 0.444079 0.0182749 0.117325
0 0.344846 0.461075 0.0197368 0.0932018
0 0.657895 0.344984 0.0211988 0.106634
0 0.606817 0.418448 0.027595 0.103344
0 0.507401 0.408443 0.0221126 0.0904605
0 0.713633 0.430099 0.0230263 0.0970395
0 0.193074 0.313459 0.0228436 0.12034
0 0.572734 0.285362 0.0230263 0.105811
0 0.447643 0.428317 0.0210161 0.0984101
0 0.161641 0.288103 0.025402 0.123355
0 0.476151 0.306332 0.0232091 0.0995066
0 0.133132 0.308662 0.0279605 0.124452
0 0.0879934 0.371573 0.0243056 0.0973136
0 0.319627 0.465461 0.0248538 0.0877193
0 0.446637 0.305647 0.0241228 0.089364
0 0.315333 0.345943 0.0235746 0.101974
0 0.377467 0.406387 0.0316155 0.108279
0 0.477796 0.432018 0.0279605 0.09375
0 0.339821 0.287692 0.0206506 0.0956689
0 0.537463 0.264117 0.0244883 0.100603
0 0.536732 0.38199 0.0263158 0.0967654
0 0.659357 0.226562 0.0233918 0.122533
0 0.371711 0.28591 0.0255848 0.125548
0 0.418494 0.418997 0.0230263 0.0934759
0 0.0797697 0.273712 0.0250365 0.0989583
0 0.506579 0.300987 0.0211988 0.100877
0 0.0477887 0.299753 0.029788 0.122533
0 0.610197 0.291255 0.0321637 0.0896382
0 0.169042 0.409677 0.0285088 0.110471
0 0.140442 0.440241 0.0301535 0.116776
0 0.684393 0.435581 0.0303363 0.114583
0 0.715826 0.321957 0.0259503 0.0984101
0 0.0819627 0.741776 0.0294225 0.101974
0 0.270742 0.413377 0.0330775 0.120066
0 0.0549159 0.422012 0.026864 0.0951206
0 0.414839 0.306332 0.0296053 0.0984101
0 0.115406 0.454496 0.0232091 0.118421
0 0.199196 0.437363 0.0219298 0.114309
0 0.232639 0.49068 0.0332602 0.0910088
