      0/44       14G   0.02008   0.01326         0   0.03334       121       640    0.9771    0.9811    0.9775    0.6216   0.02839   0.01452         0
      1/44     14.3G   0.01913   0.01358         0   0.03271       162       640    0.9765    0.9806    0.9763     0.622   0.02867   0.01457         0
      2/44     14.3G   0.01953   0.01278         0   0.03232       118       640    0.9771    0.9817    0.9766    0.6207   0.02849   0.01466         0
      3/44     14.3G   0.01913   0.01276         0    0.0319        76       640    0.9738    0.9841    0.9778    0.6165   0.02899   0.01493         0
      4/44     14.3G   0.01922   0.01288         0    0.0321       122       640    0.9794    0.9799    0.9783    0.6185   0.02869   0.01488         0
      5/44     14.3G    0.0187    0.0133         0     0.032       162       640     0.976    0.9841    0.9777    0.6171   0.02845   0.01495         0
      6/44     14.3G   0.01987   0.01356         0   0.03343        75       640    0.9789    0.9823    0.9804    0.6196    0.0283   0.01489         0
      7/44     14.3G    0.0227   0.01334         0   0.03604       112       640    0.9783    0.9812    0.9798    0.6065    0.0302   0.01475         0
      8/44     14.3G   0.02364   0.01332         0   0.03696       117       640    0.9795    0.9835    0.9834    0.6198   0.03058   0.01456         0
      9/44     14.3G   0.02298   0.01322         0    0.0362       128       640    0.9777    0.9829    0.9805    0.6122   0.02964   0.01478         0
     10/44     14.3G   0.02248   0.01362         0    0.0361       115       640    0.9811    0.9792    0.9812    0.6129    0.0288   0.01458         0
     11/44     14.3G   0.02273    0.0131         0   0.03583        68       640    0.9782      0.98    0.9801    0.6073   0.02922   0.01472         0
     12/44     14.3G   0.02198   0.01313         0    0.0351        90       640    0.9806    0.9823    0.9813    0.6142   0.02895   0.01474         0
     13/44     14.3G   0.02184    0.0142         0   0.03605       124       640    0.9777    0.9823    0.9795    0.6101    0.0292   0.01475         0
     14/44     14.3G    0.0211   0.01325         0   0.03435       108       640    0.9777    0.9829    0.9808    0.6153   0.02862   0.01462         0
     15/44     14.3G   0.02068   0.01324         0   0.03392       168       640    0.9799    0.9776    0.9806    0.6129    0.0291   0.01488         0
     16/44     14.3G   0.02052   0.01324         0   0.03376        76       640      0.98    0.9817    0.9795    0.6159   0.02885   0.01469         0
     17/44     14.3G   0.02085   0.01393         0   0.03478       122       640    0.9789    0.9826     0.979     0.595   0.02968   0.01484         0
     18/44     14.3G   0.02091   0.01463         0   0.03554       129       640    0.9822     0.977    0.9817    0.6046   0.02908   0.01473         0
     19/44     14.3G   0.02058   0.01374         0   0.03433        59       640    0.9766    0.9829    0.9759    0.6077   0.02871   0.01482         0
     20/44     14.3G   0.02067   0.01421         0   0.03488       101       640    0.9754    0.9823    0.9787    0.6081   0.02966   0.01481         0
     21/44     14.3G   0.02077   0.01405         0   0.03482       110       640    0.9806    0.9817    0.9781    0.6071   0.02947   0.01463         0
     22/44     14.3G   0.02054   0.01401         0   0.03455        67       640    0.9735    0.9752    0.9769    0.5917   0.03029   0.01528         0
     23/44     14.3G   0.02019    0.0135         0   0.03369       132       640    0.9771    0.9817    0.9757    0.6121   0.02874   0.01466         0
     24/44     14.3G   0.02027   0.01407         0   0.03433        74       640    0.9828    0.9776    0.9792    0.6086   0.02879    0.0145         0
     25/44     14.3G   0.01951   0.01385         0   0.03336       168       640    0.9834    0.9799    0.9808    0.6151   0.02889   0.01475         0
     26/44     14.3G   0.01921   0.01358         0   0.03279       137       640    0.9817    0.9805    0.9784    0.6103   0.02899   0.01489         0
     27/44     14.3G   0.01919   0.01403         0   0.03322       156       640    0.9811      0.98    0.9825    0.6078   0.02928    0.0151         0
     28/44     14.3G   0.01941   0.01289         0    0.0323       100       640    0.9794    0.9817    0.9833    0.6145    0.0292   0.01497         0
     29/44     14.3G   0.01873   0.01316         0   0.03189        48       640    0.9782    0.9793    0.9735    0.6126   0.02906   0.01473         0
     30/44     14.3G   0.01861   0.01325         0   0.03186        79       640    0.9782    0.9786    0.9763    0.6165   0.02888   0.01502         0
     31/44     14.3G   0.01897   0.01348         0   0.03245        57       640    0.9754    0.9811    0.9785     0.618   0.02856   0.01502         0
     32/44     14.3G   0.01873   0.01399         0   0.03272       146       640    0.9793    0.9776    0.9754    0.6166   0.02841   0.01495         0
     33/44     14.3G   0.01776   0.01288         0   0.03064       129       640    0.9783    0.9823    0.9813    0.6196   0.02848   0.01494         0
     34/44     14.3G    0.0176    0.0123         0    0.0299        78       640    0.9829    0.9823    0.9823    0.6195   0.02833   0.01492         0
     35/44     14.3G   0.01822   0.01375         0   0.03197        85       640      0.98    0.9835    0.9786    0.6136   0.02842   0.01509         0
     36/44     14.3G   0.01778   0.01268         0   0.03046        89       640    0.9811    0.9805    0.9812    0.6204   0.02824   0.01509         0
     37/44     14.3G   0.01729   0.01232         0   0.02962        47       640      0.98      0.98    0.9776    0.6208    0.0283   0.01522         0
     38/44     14.3G   0.01774   0.01258         0   0.03032       113       640    0.9811    0.9805    0.9778    0.6187    0.0284   0.01535         0
     39/44     14.3G   0.01759   0.01255         0   0.03014        86       640    0.9788    0.9817     0.977    0.6204    0.0284   0.01543         0
     40/44     14.3G    0.0176    0.0123         0   0.02991       126       640    0.9783    0.9823    0.9776    0.6168   0.02846   0.01533         0
     41/44     14.3G   0.01731   0.01336         0   0.03067        99       640    0.9777    0.9817     0.978    0.6149   0.02858   0.01536         0
     42/44     14.3G   0.01713   0.01254         0   0.02967       132       640    0.9788    0.9817    0.9761    0.6165   0.02831   0.01564         0
     43/44     14.3G    0.0171   0.01258         0   0.02969        99       640    0.9777    0.9829    0.9797    0.6188   0.02819   0.01546         0
     44/44     14.3G   0.01676   0.01253         0   0.02929       163       640    0.9782    0.9811     0.979    0.6208   0.02837   0.01561         0
